00|97.164.236/8824-57|Empresa Ficticia 01 LTDA|(27) 93695-3642
01|NF|01-0001|2185.45
02|Componente 178|302.89
02|Peça 549|364.78
02|Item 244|180.54
02|Serviço 092|341.61
02|Licença 235|248.96
02|Peça 569|136.05
02|Item 994|162.84
02|Serviço 334|447.78
01|NF|01-0002|2292.98
02|Assinatura 087|344.35
02|Produto 429|277.33
02|Assinatura 962|275.47
02|Componente 954|285.65
02|Serviço 389|17.58
02|Produto 386|207.04
02|Produto 249|429.23
02|Peça 938|418.71
02|Peça 668|37.62
01|NFE|01-0003|986.65
02|Licença 041|52.60
02|Produto 571|63.65
02|Assinatura 638|368.87
02|Licença 561|202.91
02|Item 317|118.12
02|Serviço 916|180.50
01|NF|01-0004|833.80
02|Peça 756|32.14
02|Pacote 970|16.87
02|Licença 578|277.43
02|Serviço 703|230.73
02|Serviço 851|200.89
02|Pacote 873|75.74
01|CTRC|01-0005|2662.51
02|Assinatura 158|438.01
02|Componente 476|434.94
02|Item 346|405.53
02|Componente 715|338.61
02|Produto 092|74.07
02|Componente 406|435.84
02|Pacote 883|36.95
02|Componente 210|369.73
02|Item 408|58.36
02|Licença 630|70.47
01|NFC|01-0006|1612.24
02|Assinatura 172|108.71
02|Pacote 707|181.41
02|Serviço 982|107.36
02|Assinatura 172|361.23
02|Assinatura 827|130.61
02|Serviço 724|482.73
02|Pacote 759|28.78
02|Licença 468|73.39
02|Licença 031|138.02
01|NFE|01-0007|2281.05
02|Pacote 727|130.05
02|Serviço 034|250.56
02|Peça 812|297.52
02|Pacote 688|244.17
02|Serviço 173|33.64
02|Pacote 362|378.81
02|Serviço 362|485.43
02|Licença 728|311.74
02|Peça 573|149.13
01|NF|01-0008|1391.68
02|Licença 316|143.37
02|Assinatura 584|40.74
02|Componente 423|405.63
02|Pacote 345|199.35
02|Item 630|288.22
02|Item 554|110.55
02|Serviço 659|45.19
02|Item 468|158.63
01|CTRC|01-0009|2414.35
02|Pacote 544|137.14
02|Pacote 911|342.43
02|Componente 301|99.21
02|Licença 118|241.10
02|Serviço 693|370.93
02|Item 254|244.38
02|Pacote 569|422.54
02|Componente 166|209.64
02|Licença 642|117.09
02|Item 608|229.89
01|NFC|01-0010|1725.62
02|Assinatura 470|192.81
02|Componente 601|321.16
02|Produto 090|280.34
02|Componente 205|253.00
02|Licença 527|181.57
02|Serviço 837|85.87
02|Licença 041|165.87
02|Pacote 850|39.82
02|Licença 296|205.18
09|00|1
09|01|10
09|02|84
99|99|
